[N
137
132
3 prn
61
6 par_en
54
5 drclk
45
14 min_valid_addr
7
9 prescalar
15
14 enable_usr_sim
129
8 tipd_prn
102
54 c:/intelfpga_lite/23.1std/questa_fse/intel/vhdl/altera
125
11 tipd_asdata
51
18 addr_range1_offset
73
8 lut_mask
120
17 tpd_prn_q_negedge
99
5 dataa
98
5 datab
100
5 datac
101
5 datad
122
12 tpd_asdata_q
60
6 nerase
59
8 nprogram
52
18 addr_range2_offset
130
10 tipd_aload
41
12 is_dual_boot
110
30 tsetup_sclr_clk_noedge_posedge
39
10 identifier
9
3 pwd
70
8 lpm_type
68
23 listen_to_nsleep_signal
50
20 addr_range2_end_addr
56
6 drshft
82
17 tpd_datab_combout
91
10 tipd_dataa
92
10 tipd_datab
93
10 tipd_datac
94
10 tipd_datad
3
8 behavior
43
19 is_compressed_image
97
17 open_drain_output
10
8 testbits
113
26 thold_d_clk_noedge_posedge
38
17 init_filename_sim
106
10 is_wysiwyg
133
3 ena
44
13 init_filename
134
6 asdata
109
32 tsetup_asdata_clk_noedge_posedge
63
8 nosc_ena
67
13 simulate_z_as
75
10 dont_touch
114
31 thold_asdata_clk_noedge_posedge
108
27 tsetup_d_clk_noedge_posedge
71
22 fiftyfivenm_lcell_comb
83
17 tpd_datac_combout
111
31 tsetup_sload_clk_noedge_posedge
48
18 max_ufm_valid_addr
80
12 InstancePath
116
30 thold_sload_clk_noedge_posedge
17
15 simfilename_ch0
18
15 simfilename_ch1
19
15 simfilename_ch2
20
15 simfilename_ch3
21
15 simfilename_ch4
22
15 simfilename_ch5
23
15 simfilename_ch6
24
15 simfilename_ch7
25
15 simfilename_ch8
26
15 simfilename_ch9
79
9 XOnChecks
78
11 MsgOnChecks
77
3 XOn
57
6 arshft
37
9 device_id
128
9 tipd_clrn
90
12 tpd_cin_cout
12
27 is_this_first_or_second_adc
46
14 max_valid_addr
16
21 reference_voltage_sim
13
21 analog_input_pin_mask
136
5 aload
64
2 se
117
28 thold_ena_clk_noedge_posedge
58
5 drdin
107
14 x_on_violation
87
14 tpd_datab_cout
137
5 sload
76
5 MsgOn
104
12 vital_dffeas
84
17 tpd_datad_combout
5
8 tsclkdiv
34
3 soc
4
6 clkdiv
89
14 tpd_datad_cout
14
13 reserve_block
11
31 device_partname_fivechar_prefix
47
18 min_ufm_valid_addr
62
5 xe_ye
86
14 tpd_dataa_cout
40
9 part_name
131
8 tipd_ena
49
20 addr_range1_end_addr
35
4 tsen
126
9 tipd_sclr
6
8 tsclksel
123
8 tipd_clk
53
18 addr_range3_offset
66
8 bus_hold
121
19 tpd_aload_q_posedge
88
14 tpd_datac_cout
65
19 fiftyfivenm_io_ibuf
127
10 tipd_sload
96
19 fiftyfivenm_io_obuf
105
8 power_up
74
14 sum_lutc_input
118
17 tpd_clk_q_posedge
8
6 refsel
27
16 simfilename_ch10
28
16 simfilename_ch11
29
16 simfilename_ch12
30
16 simfilename_ch13
2
20 fiftyfivenm_adcblock
32
16 simfilename_ch15
33
16 simfilename_ch16
55
5 arclk
112
29 tsetup_ena_clk_noedge_posedge
119
18 tpd_clrn_q_negedge
31
16 simfilename_ch14
95
8 tipd_cin
42
12 is_eram_skip
69
17 differential_mode
1
59 c:/intelfpga_lite/23.1std/questa_fse/intel/vhdl/fiftyfivenm
115
29 thold_sclr_clk_noedge_posedge
124
6 tipd_d
85
15 tpd_cin_combout
81
17 tpd_dataa_combout
36
16 fiftyfivenm_unvm
135
4 sclr
103
6 dffeas
72
16 vital_lcell_comb
]
[G
102
103
104
1
75
0
0
0
0
5 0
102
97
108
115
101
1
1
1 5 1 1
]
[G
102
103
104
1
114
0
0
0
0
8 1
0
0
0
]
[G
102
103
104
1
109
0
0
0
0
8 1
0
0
0
]
[G
102
103
104
1
108
0
0
0
0
8 1
0
0
0
]
[G
1
36
3
1
42
0
0
0
0
5 0
102
97
108
115
101
1
1
1 5 1 1
]
[G
102
103
104
1
111
0
0
0
0
8 1
0
0
0
]
[G
1
71
72
1
88
0
0
0
0
16 1
0
0
0
]
[G
1
71
72
2
88
0
0
0
0
16 1
0
0
0
]
[G
1
71
72
2
74
0
0
0
0
5 0
100
97
116
97
99
1
1
1 5 1 1
]
[G
1
2
3
1
7
0
0
0
0
0 0
0
0
]
[G
1
2
3
2
7
0
0
0
0
0 0
0
0
]
[G
1
2
3
1
15
0
0
0
0
0 0
0
0
]
[G
1
2
3
2
15
0
0
0
0
0 0
0
0
]
[G
102
103
104
1
116
0
0
0
0
8 1
0
0
0
]
[G
1
71
72
1
74
0
0
0
0
5 0
100
97
116
97
99
1
1
1 5 1 1
]
[G
102
103
104
1
128
0
0
0
0
16 1
0
0
0
]
[G
1
65
3
1
70
0
0
0
0
19 0
102
105
102
116
121
102
105
118
101
110
109
95
105
111
95
105
98
117
102
1
1
1 19 1 1
]
[G
1
65
3
1
68
0
0
0
0
5 0
102
97
108
115
101
1
1
1 5 1 1
]
[G
1
36
3
1
45
0
0
-1
0
0 0
0
0
]
[G
102
103
104
1
76
0
0
0
0
0 0
0
0
]
[G
1
2
3
1
9
0
0
1
0
0 0
0
0
]
[G
1
2
3
2
9
0
0
1
0
0 0
0
0
]
[G
1
71
72
1
95
0
0
0
0
16 1
0
0
0
]
[G
1
71
72
2
95
0
0
0
0
16 1
0
0
0
]
[G
1
36
3
1
51
0
0
-1
0
0 0
0
0
]
[G
1
71
72
1
85
0
0
0
0
16 1
0
0
0
]
[G
1
71
72
2
85
0
0
0
0
16 1
0
0
0
]
[G
1
71
72
1
81
0
0
0
0
16 1
0
0
0
]
[G
1
71
72
2
81
0
0
0
0
16 1
0
0
0
]
[G
1
71
72
1
78
0
0
1
0
0 0
0
0
]
[G
1
71
72
2
78
0
0
1
0
0 0
0
0
]
[G
102
103
104
1
80
0
0
0
0
1 1
42
1
1
1 1 1 1
]
[G
1
36
3
1
52
0
0
-1
0
0 0
0
0
]
[G
102
103
104
1
117
0
0
0
0
8 1
0
0
0
]
[G
1
36
3
1
41
0
0
0
0
5 0
102
97
108
115
101
1
1
1 5 1 1
]
[G
1
2
3
1
10
0
0
66
0
0 0
0
0
]
[G
1
2
3
2
10
0
0
66
0
0 0
0
0
]
[G
1
36
3
1
39
0
0
0
0
5 0
100
117
109
109
121
1
1
1 5 1 1
]
[G
102
103
104
1
77
0
0
0
0
0 0
0
0
]
[G
1
36
3
1
50
0
0
-1
0
0 0
0
0
]
[G
1
65
3
1
67
0
0
0
0
1 1
122
1
1
1 1 1 1
]
[G
102
103
104
1
123
0
0
0
0
16 1
0
0
0
]
[G
102
103
104
1
131
0
0
0
0
16 1
0
0
0
]
[G
1
36
3
1
43
0
0
0
0
5 0
102
97
108
115
101
1
1
1 5 1 1
]
[G
1
96
3
1
97
0
0
0
0
5 0
102
97
108
115
101
1
1
1 5 1 1
]
[G
102
103
104
1
126
0
0
0
0
16 1
0
0
0
]
[G
102
103
104
1
124
0
0
0
0
16 1
0
0
0
]
[G
102
103
104
1
121
0
0
0
0
16 1
0
0
0
]
[G
1
36
3
1
38
0
0
0
0
0 0
1
1
1 0 1 1
]
[G
1
71
72
1
73
0
0
0
0
16 1
2
0
0
]
[G
1
71
72
2
73
0
0
0
0
16 0
3
3
3
3
3
3
3
3
3
3
2
2
2
2
2
2
0
0
]
[G
1
36
3
1
44
0
0
0
0
5 0
100
117
109
109
121
1
1
1 5 1 1
]
[G
102
103
104
1
127
0
0
0
0
16 1
0
0
0
]
[G
102
103
104
1
107
0
0
0
0
2 0
111
110
1
1
1 2 1 1
]
[G
1
71
72
1
79
0
0
1
0
0 0
0
0
]
[G
1
71
72
2
79
0
0
1
0
0 0
0
0
]
[G
1
2
3
1
17
0
0
0
0
15 0
115
105
109
102
105
108
101
110
97
109
101
95
99
104
48
1
1
1 15 1 1
]
[G
1
2
3
2
17
0
0
0
0
15 0
115
105
109
102
105
108
101
110
97
109
101
95
99
104
48
1
1
1 15 1 1
]
[G
1
2
3
2
18
0
0
0
0
15 0
115
105
109
102
105
108
101
110
97
109
101
95
99
104
49
1
1
1 15 1 1
]
[G
1
2
3
2
19
0
0
0
0
15 0
115
105
109
102
105
108
101
110
97
109
101
95
99
104
50
1
1
1 15 1 1
]
[G
1
2
3
2
20
0
0
0
0
15 0
115
105
109
102
105
108
101
110
97
109
101
95
99
104
51
1
1
1 15 1 1
]
[G
1
2
3
2
21
0
0
0
0
15 0
115
105
109
102
105
108
101
110
97
109
101
95
99
104
52
1
1
1 15 1 1
]
[G
1
2
3
2
22
0
0
0
0
15 0
115
105
109
102
105
108
101
110
97
109
101
95
99
104
53
1
1
1 15 1 1
]
[G
1
2
3
2
23
0
0
0
0
15 0
115
105
109
102
105
108
101
110
97
109
101
95
99
104
54
1
1
1 15 1 1
]
[G
1
2
3
2
24
0
0
0
0
15 0
115
105
109
102
105
108
101
110
97
109
101
95
99
104
55
1
1
1 15 1 1
]
[G
1
2
3
2
25
0
0
0
0
15 0
115
105
109
102
105
108
101
110
97
109
101
95
99
104
56
1
1
1 15 1 1
]
[G
1
2
3
2
26
0
0
0
0
15 0
115
105
109
102
105
108
101
110
97
109
101
95
99
104
57
1
1
1 15 1 1
]
[G
1
71
72
1
82
0
0
0
0
16 1
0
0
0
]
[G
1
71
72
2
82
0
0
0
0
16 1
0
0
0
]
[G
1
71
72
1
91
0
0
0
0
16 1
0
0
0
]
[G
1
71
72
2
91
0
0
0
0
16 1
0
0
0
]
[G
1
71
72
2
92
0
0
0
0
16 1
0
0
0
]
[G
1
2
3
1
18
0
0
0
0
15 0
115
105
109
102
105
108
101
110
97
109
101
95
99
104
49
1
1
1 15 1 1
]
[G
1
2
3
1
19
0
0
0
0
15 0
115
105
109
102
105
108
101
110
97
109
101
95
99
104
50
1
1
1 15 1 1
]
[G
1
2
3
1
20
0
0
0
0
15 0
115
105
109
102
105
108
101
110
97
109
101
95
99
104
51
1
1
1 15 1 1
]
[G
1
2
3
1
21
0
0
0
0
15 0
115
105
109
102
105
108
101
110
97
109
101
95
99
104
52
1
1
1 15 1 1
]
[G
1
2
3
1
22
0
0
0
0
15 0
115
105
109
102
105
108
101
110
97
109
101
95
99
104
53
1
1
1 15 1 1
]
[G
1
2
3
1
23
0
0
0
0
15 0
115
105
109
102
105
108
101
110
97
109
101
95
99
104
54
1
1
1 15 1 1
]
[G
1
2
3
1
24
0
0
0
0
15 0
115
105
109
102
105
108
101
110
97
109
101
95
99
104
55
1
1
1 15 1 1
]
[G
1
2
3
1
25
0
0
0
0
15 0
115
105
109
102
105
108
101
110
97
109
101
95
99
104
56
1
1
1 15 1 1
]
[G
1
2
3
1
26
0
0
0
0
15 0
115
105
109
102
105
108
101
110
97
109
101
95
99
104
57
1
1
1 15 1 1
]
[G
1
2
3
1
12
0
0
1
0
0 0
0
0
]
[G
1
2
3
2
12
0
0
2
0
0 0
0
0
]
[G
102
103
104
1
105
0
0
0
0
3 0
108
111
119
1
1
1 3 1 1
]
[G
102
103
104
1
115
0
0
0
0
8 1
0
0
0
]
[G
1
71
72
1
92
0
0
0
0
16 1
0
0
0
]
[G
1
71
72
1
93
0
0
0
0
16 1
0
0
0
]
[G
1
2
3
1
16
0
0
65536
0
0 0
0
0
]
[G
1
2
3
2
16
0
0
65536
0
0 0
0
0
]
[G
1
2
3
2
13
0
0
0
0
0 0
0
0
]
[G
1
36
3
1
48
0
0
-1
0
0 0
0
0
]
[G
102
103
104
1
112
0
0
0
0
8 1
0
0
0
]
[G
102
103
104
1
118
0
0
0
0
16 1
0
0
0
]
[G
1
71
72
2
93
0
0
0
0
16 1
0
0
0
]
[G
1
2
3
1
13
0
0
0
0
0 0
0
0
]
[G
1
71
72
2
70
0
0
0
0
22 0
102
105
102
116
121
102
105
118
101
110
109
95
108
99
101
108
108
95
99
111
109
98
1
1
1 22 1 1
]
[G
102
103
104
1
78
0
0
1
0
0 0
0
0
]
[G
1
36
3
1
37
0
0
0
0
2 0
48
50
1
1
1 2 1 1
]
[G
1
71
72
1
94
0
0
0
0
16 1
0
0
0
]
[G
1
2
3
1
5
0
0
1
0
0 0
0
0
]
[G
1
2
3
2
5
0
0
1
0
0 0
0
0
]
[G
1
65
3
1
66
0
0
0
0
5 0
102
97
108
115
101
1
1
1 5 1 1
]
[G
1
71
72
2
75
0
0
0
0
3 0
111
102
102
1
1
1 3 1 1
]
[G
1
36
3
1
46
0
0
-1
0
0 0
0
0
]
[G
1
96
3
1
66
0
0
0
0
5 0
102
97
108
115
101
1
1
1 5 1 1
]
[G
102
103
104
1
119
0
0
0
0
16 1
0
0
0
]
[G
1
71
72
2
94
0
0
0
0
16 1
0
0
0
]
[G
1
2
3
1
4
0
0
1
0
0 0
0
0
]
[G
1
2
3
2
4
0
0
1
0
0 0
0
0
]
[G
1
2
3
1
14
0
0
0
0
4 0
116
114
117
101
1
1
1 4 1 1
]
[G
1
2
3
2
14
0
0
0
0
4 0
116
114
117
101
1
1
1 4 1 1
]
[G
1
2
3
2
11
0
0
0
0
4 0
110
111
110
101
1
1
1 4 1 1
]
[G
1
71
72
1
70
0
0
0
0
22 0
102
105
102
116
121
102
105
118
101
110
109
95
108
99
101
108
108
95
99
111
109
98
1
1
1 22 1 1
]
[G
102
103
104
1
129
0
0
0
0
16 1
0
0
0
]
[G
1
71
72
1
75
0
0
0
0
3 0
111
102
102
1
1
1 3 1 1
]
[G
1
71
72
2
83
0
0
0
0
16 1
0
0
0
]
[G
1
2
3
1
11
0
0
0
0
4 0
110
111
110
101
1
1
1 4 1 1
]
[G
1
2
3
1
6
0
0
0
0
0 0
0
0
]
[G
1
2
3
2
6
0
0
0
0
0 0
0
0
]
[G
102
103
104
1
125
0
0
0
0
16 1
0
0
0
]
[G
1
71
72
1
83
0
0
0
0
16 1
0
0
0
]
[G
1
71
72
1
90
0
0
0
0
16 1
0
0
0
]
[G
1
71
72
2
90
0
0
0
0
16 1
0
0
0
]
[G
102
103
104
1
120
0
0
0
0
16 1
0
0
0
]
[G
1
36
3
1
40
0
0
0
0
20 0
113
117
97
114
116
117
115
95
99
114
101
97
116
101
100
95
117
110
118
109
1
1
1 20 1 1
]
[G
102
103
104
1
122
0
0
0
0
16 1
0
0
0
]
[G
1
36
3
1
14
0
0
0
0
4 0
116
114
117
101
1
1
1 4 1 1
]
[G
1
36
3
1
47
0
0
-1
0
0 0
0
0
]
[G
102
103
104
1
130
0
0
0
0
16 1
0
0
0
]
[G
102
103
104
1
110
0
0
0
0
8 1
0
0
0
]
[G
1
71
72
1
76
0
0
0
0
0 0
0
0
]
[G
1
71
72
2
76
0
0
0
0
0 0
0
0
]
[G
102
103
104
1
106
0
0
0
0
4 0
116
114
117
101
1
1
1 4 1 1
]
[G
102
103
104
1
79
0
0
1
0
0 0
0
0
]
[G
1
36
3
1
49
0
0
-1
0
0 0
0
0
]
[G
102
103
104
1
70
0
0
0
0
6 0
68
70
70
69
65
83
1
1
1 6 1 1
]
[G
1
65
3
1
69
0
0
0
0
5 0
102
97
108
115
101
1
1
1 5 1 1
]
[G
1
36
3
1
53
0
0
-1
0
0 0
0
0
]
[G
1
71
72
1
87
0
0
0
0
16 1
0
0
0
]
[G
1
71
72
2
87
0
0
0
0
16 1
0
0
0
]
[G
1
2
3
1
8
0
0
0
0
0 0
0
0
]
[G
1
2
3
2
8
0
0
0
0
0 0
0
0
]
[G
1
2
3
1
27
0
0
0
0
16 0
115
105
109
102
105
108
101
110
97
109
101
95
99
104
49
48
1
1
1 16 1 1
]
[G
1
2
3
2
27
0
0
0
0
16 0
115
105
109
102
105
108
101
110
97
109
101
95
99
104
49
48
1
1
1 16 1 1
]
[G
1
2
3
2
28
0
0
0
0
16 0
115
105
109
102
105
108
101
110
97
109
101
95
99
104
49
49
1
1
1 16 1 1
]
[G
1
2
3
2
29
0
0
0
0
16 0
115
105
109
102
105
108
101
110
97
109
101
95
99
104
49
50
1
1
1 16 1 1
]
[G
1
2
3
2
30
0
0
0
0
16 0
115
105
109
102
105
108
101
110
97
109
101
95
99
104
49
51
1
1
1 16 1 1
]
[G
1
2
3
2
31
0
0
0
0
16 0
115
105
109
102
105
108
101
110
97
109
101
95
99
104
49
52
1
1
1 16 1 1
]
[G
1
2
3
2
32
0
0
0
0
16 0
115
105
109
102
105
108
101
110
97
109
101
95
99
104
49
53
1
1
1 16 1 1
]
[G
1
2
3
2
33
0
0
0
0
16 0
115
105
109
102
105
108
101
110
97
109
101
95
99
104
49
54
1
1
1 16 1 1
]
[G
1
71
72
2
80
0
0
0
0
1 1
42
1
1
1 1 1 1
]
[G
1
71
72
2
84
0
0
0
0
16 1
0
0
0
]
[G
102
103
104
1
113
0
0
0
0
8 1
0
0
0
]
[G
1
2
3
1
28
0
0
0
0
16 0
115
105
109
102
105
108
101
110
97
109
101
95
99
104
49
49
1
1
1 16 1 1
]
[G
1
2
3
1
29
0
0
0
0
16 0
115
105
109
102
105
108
101
110
97
109
101
95
99
104
49
50
1
1
1 16 1 1
]
[G
1
2
3
1
30
0
0
0
0
16 0
115
105
109
102
105
108
101
110
97
109
101
95
99
104
49
51
1
1
1 16 1 1
]
[G
1
2
3
1
31
0
0
0
0
16 0
115
105
109
102
105
108
101
110
97
109
101
95
99
104
49
52
1
1
1 16 1 1
]
[G
1
2
3
1
32
0
0
0
0
16 0
115
105
109
102
105
108
101
110
97
109
101
95
99
104
49
53
1
1
1 16 1 1
]
[G
1
2
3
1
33
0
0
0
0
16 0
115
105
109
102
105
108
101
110
97
109
101
95
99
104
49
54
1
1
1 16 1 1
]
[G
1
71
72
1
80
0
0
0
0
1 1
42
1
1
1 1 1 1
]
[G
1
71
72
1
84
0
0
0
0
16 1
0
0
0
]
[G
1
71
72
1
77
0
0
0
0
0 0
0
0
]
[G
1
71
72
2
77
0
0
0
0
0 0
0
0
]
[G
1
71
72
1
89
0
0
0
0
16 1
0
0
0
]
[G
1
71
72
2
89
0
0
0
0
16 1
0
0
0
]
[G
1
71
72
1
86
0
0
0
0
16 1
0
0
0
]
[G
1
71
72
2
86
0
0
0
0
16 1
0
0
0
]
[P
1
36
3
61
57
1
0
0
]
[P
1
36
3
54
55
1
0
0
]
[P
102
103
104
137
136
1
0
0
]
[P
1
36
3
60
55
1
0
0
]
[P
1
36
3
59
55
1
0
0
]
[P
1
36
3
56
57
1
0
0
]
[P
1
71
72
98
99
1
0
0
]
[P
1
71
72
100
99
1
0
0
]
[P
1
71
72
101
99
1
0
0
]
[P
1
36
3
64
63
1
0
0
]
[P
102
103
104
135
136
1
0
0
]
[P
1
36
3
58
57
1
0
0
]
[P
102
103
104
132
133
1
0
0
]
[P
1
2
3
34
35
1
0
0
]
[P
1
2
3
34
35
2
0
0
]
[P
1
36
3
62
63
1
0
0
]
[P
102
103
104
134
133
1
0
0
]
