[N
147
129
3 prn
61
6 par_en
54
5 drclk
45
14 min_valid_addr
7
9 prescalar
15
14 enable_usr_sim
126
8 tipd_prn
138
19 fiftyfivenm_clkctrl
99
54 c:/intelfpga_lite/23.1std/questa_fse/intel/vhdl/altera
122
11 tipd_asdata
51
18 addr_range1_offset
67
8 lut_mask
117
17 tpd_prn_q_negedge
97
5 dataa
96
5 datab
98
5 datac
145
5 datad
119
12 tpd_asdata_q
60
6 nerase
59
8 nprogram
52
18 addr_range2_offset
127
10 tipd_aload
41
12 is_dual_boot
107
30 tsetup_sclr_clk_noedge_posedge
39
10 identifier
9
3 pwd
70
8 lpm_type
94
23 listen_to_nsleep_signal
50
20 addr_range2_end_addr
56
6 drshft
77
17 tpd_datab_combout
86
10 tipd_dataa
87
10 tipd_datab
88
10 tipd_datac
89
10 tipd_datad
3
8 behavior
43
19 is_compressed_image
103
10 is_wysiwyg
143
10 tipd_inclk
10
8 testbits
110
26 thold_d_clk_noedge_posedge
141
17 ena_register_mode
38
17 init_filename_sim
105
27 tsetup_d_clk_noedge_posedge
130
3 ena
44
13 init_filename
139
13 vital_clkctrl
131
6 asdata
106
32 tsetup_asdata_clk_noedge_posedge
63
8 nosc_ena
93
13 simulate_z_as
69
10 dont_touch
140
10 clock_type
111
31 thold_asdata_clk_noedge_posedge
108
31 tsetup_sload_clk_noedge_posedge
65
22 fiftyfivenm_lcell_comb
78
17 tpd_datac_combout
147
17 open_drain_output
48
18 max_ufm_valid_addr
75
12 InstancePath
113
30 thold_sload_clk_noedge_posedge
17
15 simfilename_ch0
18
15 simfilename_ch1
19
15 simfilename_ch2
20
15 simfilename_ch3
21
15 simfilename_ch4
22
15 simfilename_ch5
23
15 simfilename_ch6
24
15 simfilename_ch7
25
15 simfilename_ch8
26
15 simfilename_ch9
137
4 clrn
74
9 XOnChecks
73
11 MsgOnChecks
72
3 XOn
57
6 arshft
37
9 device_id
125
9 tipd_clrn
85
12 tpd_cin_cout
12
27 is_this_first_or_second_adc
46
14 max_valid_addr
16
21 reference_voltage_sim
13
21 analog_input_pin_mask
133
5 aload
64
2 se
114
28 thold_ena_clk_noedge_posedge
58
5 drdin
104
14 x_on_violation
136
6 behave
82
14 tpd_datab_cout
134
5 sload
71
5 MsgOn
101
12 vital_dffeas
79
17 tpd_datad_combout
5
8 tsclkdiv
34
3 soc
4
6 clkdiv
84
14 tpd_datad_cout
14
13 reserve_block
11
31 device_partname_fivechar_prefix
47
18 min_ufm_valid_addr
62
5 xe_ye
81
14 tpd_dataa_cout
40
9 part_name
128
8 tipd_ena
49
20 addr_range1_end_addr
35
4 tsen
123
9 tipd_sclr
6
8 tsclksel
120
8 tipd_clk
53
18 addr_range3_offset
92
8 bus_hold
118
19 tpd_aload_q_posedge
83
14 tpd_datac_cout
68
14 sum_lutc_input
124
10 tipd_sload
146
19 fiftyfivenm_io_obuf
102
8 power_up
142
16 tpd_inclk_outclk
91
19 fiftyfivenm_io_ibuf
115
17 tpd_clk_q_posedge
8
6 refsel
27
16 simfilename_ch10
28
16 simfilename_ch11
29
16 simfilename_ch12
30
16 simfilename_ch13
2
20 fiftyfivenm_adcblock
32
16 simfilename_ch15
33
16 simfilename_ch16
144
14 tipd_clkselect
55
5 arclk
109
29 tsetup_ena_clk_noedge_posedge
116
18 tpd_clrn_q_negedge
31
16 simfilename_ch14
90
8 tipd_cin
42
12 is_eram_skip
95
17 differential_mode
1
59 c:/intelfpga_lite/23.1std/questa_fse/intel/vhdl/fiftyfivenm
112
29 thold_sclr_clk_noedge_posedge
121
6 tipd_d
80
15 tpd_cin_combout
76
17 tpd_dataa_combout
36
16 fiftyfivenm_unvm
132
4 sclr
135
19 fiftyfivenm_ena_reg
100
6 dffeas
66
16 vital_lcell_comb
]
[G
1
135
136
1
110
0
0
0
0
8 1
0
0
0
]
[G
1
36
3
1
46
0
0
-1
0
0 0
0
0
]
[G
1
2
3
1
4
0
0
1
0
0 0
0
0
]
[G
1
2
3
2
4
0
0
1
0
0 0
0
0
]
[G
1
65
66
1
80
0
0
0
0
16 1
0
0
0
]
[G
1
65
66
2
80
0
0
0
0
16 1
0
0
0
]
[G
1
65
66
3
80
0
0
0
0
16 1
0
0
0
]
[G
1
65
66
4
80
0
0
0
0
16 1
0
0
0
]
[G
1
65
66
5
80
0
0
0
0
16 1
0
0
0
]
[G
1
65
66
6
80
0
0
0
0
16 1
0
0
0
]
[G
1
65
66
7
80
0
0
0
0
16 1
0
0
0
]
[G
1
65
66
8
80
0
0
0
0
16 1
0
0
0
]
[G
1
65
66
9
80
0
0
0
0
16 1
0
0
0
]
[G
1
65
66
10
80
0
0
0
0
16 1
0
0
0
]
[G
1
65
66
11
80
0
0
0
0
16 1
0
0
0
]
[G
1
138
139
1
128
0
0
0
0
16 1
0
0
0
]
[G
1
36
3
1
44
0
0
0
0
5 0
100
117
109
109
121
1
1
1 5 1 1
]
[G
1
2
3
1
27
0
0
0
0
16 0
115
105
109
102
105
108
101
110
97
109
101
95
99
104
49
48
1
1
1 16 1 1
]
[G
1
2
3
2
27
0
0
0
0
16 0
115
105
109
102
105
108
101
110
97
109
101
95
99
104
49
48
1
1
1 16 1 1
]
[G
1
2
3
2
28
0
0
0
0
16 0
115
105
109
102
105
108
101
110
97
109
101
95
99
104
49
49
1
1
1 16 1 1
]
[G
1
2
3
2
29
0
0
0
0
16 0
115
105
109
102
105
108
101
110
97
109
101
95
99
104
49
50
1
1
1 16 1 1
]
[G
1
2
3
2
30
0
0
0
0
16 0
115
105
109
102
105
108
101
110
97
109
101
95
99
104
49
51
1
1
1 16 1 1
]
[G
1
2
3
2
31
0
0
0
0
16 0
115
105
109
102
105
108
101
110
97
109
101
95
99
104
49
52
1
1
1 16 1 1
]
[G
1
2
3
2
32
0
0
0
0
16 0
115
105
109
102
105
108
101
110
97
109
101
95
99
104
49
53
1
1
1 16 1 1
]
[G
1
2
3
2
33
0
0
0
0
16 0
115
105
109
102
105
108
101
110
97
109
101
95
99
104
49
54
1
1
1 16 1 1
]
[G
1
36
3
1
39
0
0
0
0
5 0
100
117
109
109
121
1
1
1 5 1 1
]
[G
1
2
3
1
28
0
0
0
0
16 0
115
105
109
102
105
108
101
110
97
109
101
95
99
104
49
49
1
1
1 16 1 1
]
[G
1
2
3
1
29
0
0
0
0
16 0
115
105
109
102
105
108
101
110
97
109
101
95
99
104
49
50
1
1
1 16 1 1
]
[G
1
2
3
1
30
0
0
0
0
16 0
115
105
109
102
105
108
101
110
97
109
101
95
99
104
49
51
1
1
1 16 1 1
]
[G
1
2
3
1
31
0
0
0
0
16 0
115
105
109
102
105
108
101
110
97
109
101
95
99
104
49
52
1
1
1 16 1 1
]
[G
1
2
3
1
32
0
0
0
0
16 0
115
105
109
102
105
108
101
110
97
109
101
95
99
104
49
53
1
1
1 16 1 1
]
[G
1
2
3
1
33
0
0
0
0
16 0
115
105
109
102
105
108
101
110
97
109
101
95
99
104
49
54
1
1
1 16 1 1
]
[G
1
2
3
1
11
0
0
0
0
4 0
110
111
110
101
1
1
1 4 1 1
]
[G
1
2
3
2
11
0
0
0
0
4 0
110
111
110
101
1
1
1 4 1 1
]
[G
99
100
101
1
123
0
0
0
0
16 1
0
0
0
]
[G
1
65
66
1
90
0
0
0
0
16 1
0
0
0
]
[G
1
65
66
2
90
0
0
0
0
16 1
0
0
0
]
[G
1
65
66
3
90
0
0
0
0
16 1
0
0
0
]
[G
1
65
66
3
79
0
0
0
0
16 1
0
0
0
]
[G
1
65
66
5
90
0
0
0
0
16 1
0
0
0
]
[G
1
65
66
6
90
0
0
0
0
16 1
0
0
0
]
[G
1
65
66
7
90
0
0
0
0
16 1
0
0
0
]
[G
1
65
66
8
90
0
0
0
0
16 1
0
0
0
]
[G
1
65
66
9
90
0
0
0
0
16 1
0
0
0
]
[G
1
65
66
10
90
0
0
0
0
16 1
0
0
0
]
[G
1
65
66
11
90
0
0
0
0
16 1
0
0
0
]
[G
1
65
66
11
79
0
0
0
0
16 1
0
0
0
]
[G
99
100
101
1
124
0
0
0
0
16 1
0
0
0
]
[G
1
65
66
1
79
0
0
0
0
16 1
0
0
0
]
[G
1
65
66
2
79
0
0
0
0
16 1
0
0
0
]
[G
1
65
66
4
90
0
0
0
0
16 1
0
0
0
]
[G
1
65
66
4
79
0
0
0
0
16 1
0
0
0
]
[G
1
65
66
5
79
0
0
0
0
16 1
0
0
0
]
[G
1
65
66
6
79
0
0
0
0
16 1
0
0
0
]
[G
1
65
66
7
79
0
0
0
0
16 1
0
0
0
]
[G
1
65
66
8
79
0
0
0
0
16 1
0
0
0
]
[G
99
100
101
1
107
0
0
0
0
8 1
0
0
0
]
[G
1
65
66
10
79
0
0
0
0
16 1
0
0
0
]
[G
1
2
3
1
7
0
0
0
0
0 0
0
0
]
[G
1
2
3
2
7
0
0
0
0
0 0
0
0
]
[G
1
65
66
9
79
0
0
0
0
16 1
0
0
0
]
[G
1
138
139
1
141
0
0
0
0
4 0
110
111
110
101
1
1
1 4 1 1
]
[G
1
138
139
1
140
0
0
0
0
12 0
103
108
111
98
97
108
32
99
108
111
99
107
1
1
1 12 1 1
]
[G
1
146
3
1
147
0
0
0
0
5 0
102
97
108
115
101
1
1
1 5 1 1
]
[G
1
65
66
1
74
0
0
1
0
0 0
0
0
]
[G
1
65
66
2
74
0
0
1
0
0 0
0
0
]
[G
1
65
66
3
74
0
0
1
0
0 0
0
0
]
[G
1
65
66
4
74
0
0
1
0
0 0
0
0
]
[G
1
65
66
5
74
0
0
1
0
0 0
0
0
]
[G
1
65
66
6
74
0
0
1
0
0 0
0
0
]
[G
1
65
66
7
74
0
0
1
0
0 0
0
0
]
[G
1
65
66
8
74
0
0
1
0
0 0
0
0
]
[G
1
65
66
9
74
0
0
1
0
0 0
0
0
]
[G
1
65
66
10
74
0
0
1
0
0 0
0
0
]
[G
1
65
66
11
74
0
0
1
0
0 0
0
0
]
[G
99
100
101
1
104
0
0
0
0
2 0
111
110
1
1
1 2 1 1
]
[G
1
138
139
1
74
0
0
1
0
0 0
0
0
]
[G
1
2
3
1
15
0
0
0
0
0 0
0
0
]
[G
1
2
3
2
15
0
0
0
0
0 0
0
0
]
[G
99
100
101
1
106
0
0
0
0
8 1
0
0
0
]
[G
1
2
3
1
10
0
0
66
0
0 0
0
0
]
[G
1
2
3
2
10
0
0
66
0
0 0
0
0
]
[G
99
100
101
1
117
0
0
0
0
16 1
0
0
0
]
[G
1
2
3
1
12
0
0
1
0
0 0
0
0
]
[G
1
2
3
2
12
0
0
2
0
0 0
0
0
]
[G
1
91
3
1
70
0
0
0
0
19 0
102
105
102
116
121
102
105
118
101
110
109
95
105
111
95
105
98
117
102
1
1
1 19 1 1
]
[G
1
135
136
1
71
0
0
0
0
0 0
0
0
]
[G
99
100
101
1
122
0
0
0
0
16 1
0
0
0
]
[G
99
100
101
1
128
0
0
0
0
16 1
0
0
0
]
[G
1
36
3
1
38
0
0
0
0
0 0
1
1
1 0 1 1
]
[G
1
135
136
1
73
0
0
1
0
0 0
0
0
]
[G
1
36
3
1
47
0
0
-1
0
0 0
0
0
]
[G
99
100
101
1
112
0
0
0
0
8 1
0
0
0
]
[G
1
65
66
1
75
0
0
0
0
1 1
42
1
1
1 1 1 1
]
[G
1
65
66
2
75
0
0
0
0
1 1
42
1
1
1 1 1 1
]
[G
1
65
66
3
75
0
0
0
0
1 1
42
1
1
1 1 1 1
]
[G
1
65
66
4
75
0
0
0
0
1 1
42
1
1
1 1 1 1
]
[G
1
65
66
5
75
0
0
0
0
1 1
42
1
1
1 1 1 1
]
[G
1
65
66
6
75
0
0
0
0
1 1
42
1
1
1 1 1 1
]
[G
1
65
66
7
75
0
0
0
0
1 1
42
1
1
1 1 1 1
]
[G
1
65
66
8
75
0
0
0
0
1 1
42
1
1
1 1 1 1
]
[G
1
65
66
9
75
0
0
0
0
1 1
42
1
1
1 1 1 1
]
[G
1
65
66
10
75
0
0
0
0
1 1
42
1
1
1 1 1 1
]
[G
1
65
66
11
75
0
0
0
0
1 1
42
1
1
1 1 1 1
]
[G
1
138
139
1
75
0
0
0
0
1 1
42
1
1
1 1 1 1
]
[G
1
65
66
1
70
0
0
0
0
22 0
102
105
102
116
121
102
105
118
101
110
109
95
108
99
101
108
108
95
99
111
109
98
1
1
1 22 1 1
]
[G
1
65
66
2
70
0
0
0
0
22 0
102
105
102
116
121
102
105
118
101
110
109
95
108
99
101
108
108
95
99
111
109
98
1
1
1 22 1 1
]
[G
1
65
66
3
70
0
0
0
0
22 0
102
105
102
116
121
102
105
118
101
110
109
95
108
99
101
108
108
95
99
111
109
98
1
1
1 22 1 1
]
[G
1
65
66
4
70
0
0
0
0
22 0
102
105
102
116
121
102
105
118
101
110
109
95
108
99
101
108
108
95
99
111
109
98
1
1
1 22 1 1
]
[G
1
2
3
2
14
0
0
0
0
4 0
116
114
117
101
1
1
1 4 1 1
]
[G
1
65
66
6
70
0
0
0
0
22 0
102
105
102
116
121
102
105
118
101
110
109
95
108
99
101
108
108
95
99
111
109
98
1
1
1 22 1 1
]
[G
1
65
66
7
70
0
0
0
0
22 0
102
105
102
116
121
102
105
118
101
110
109
95
108
99
101
108
108
95
99
111
109
98
1
1
1 22 1 1
]
[G
1
65
66
8
70
0
0
0
0
22 0
102
105
102
116
121
102
105
118
101
110
109
95
108
99
101
108
108
95
99
111
109
98
1
1
1 22 1 1
]
[G
1
65
66
9
70
0
0
0
0
22 0
102
105
102
116
121
102
105
118
101
110
109
95
108
99
101
108
108
95
99
111
109
98
1
1
1 22 1 1
]
[G
1
65
66
10
70
0
0
0
0
22 0
102
105
102
116
121
102
105
118
101
110
109
95
108
99
101
108
108
95
99
111
109
98
1
1
1 22 1 1
]
[G
1
65
66
11
70
0
0
0
0
22 0
102
105
102
116
121
102
105
118
101
110
109
95
108
99
101
108
108
95
99
111
109
98
1
1
1 22 1 1
]
[G
1
138
139
1
70
0
0
0
0
19 0
102
105
102
116
121
102
105
118
101
110
109
95
99
108
107
99
116
114
108
1
1
1 19 1 1
]
[G
1
2
3
1
14
0
0
0
0
4 0
116
114
117
101
1
1
1 4 1 1
]
[G
1
65
66
5
70
0
0
0
0
22 0
102
105
102
116
121
102
105
118
101
110
109
95
108
99
101
108
108
95
99
111
109
98
1
1
1 22 1 1
]
[G
1
65
66
1
68
0
0
0
0
5 0
100
97
116
97
99
1
1
1 5 1 1
]
[G
1
65
66
2
68
0
0
0
0
5 0
100
97
116
97
99
1
1
1 5 1 1
]
[G
1
65
66
3
68
0
0
0
0
5 0
100
97
116
97
99
1
1
1 5 1 1
]
[G
1
65
66
4
68
0
0
0
0
5 0
100
97
116
97
99
1
1
1 5 1 1
]
[G
1
65
66
5
68
0
0
0
0
5 0
100
97
116
97
99
1
1
1 5 1 1
]
[G
1
65
66
6
68
0
0
0
0
5 0
100
97
116
97
99
1
1
1 5 1 1
]
[G
1
65
66
7
68
0
0
0
0
5 0
100
97
116
97
99
1
1
1 5 1 1
]
[G
1
65
66
8
68
0
0
0
0
5 0
100
97
116
97
99
1
1
1 5 1 1
]
[G
1
65
66
9
68
0
0
0
0
5 0
100
97
116
97
99
1
1
1 5 1 1
]
[G
1
65
66
10
68
0
0
0
0
5 0
100
97
116
97
99
1
1
1 5 1 1
]
[G
1
65
66
11
68
0
0
0
0
5 0
100
97
116
97
99
1
1
1 5 1 1
]
[G
99
100
101
1
113
0
0
0
0
8 1
0
0
0
]
[G
1
65
66
1
86
0
0
0
0
16 1
0
0
0
]
[G
1
65
66
2
86
0
0
0
0
16 1
0
0
0
]
[G
1
65
66
3
86
0
0
0
0
16 1
0
0
0
]
[G
1
65
66
4
86
0
0
0
0
16 1
0
0
0
]
[G
1
65
66
5
86
0
0
0
0
16 1
0
0
0
]
[G
1
65
66
5
87
0
0
0
0
16 1
0
0
0
]
[G
1
65
66
7
86
0
0
0
0
16 1
0
0
0
]
[G
1
65
66
3
81
0
0
0
0
16 1
0
0
0
]
[G
1
65
66
9
86
0
0
0
0
16 1
0
0
0
]
[G
1
65
66
5
81
0
0
0
0
16 1
0
0
0
]
[G
1
65
66
6
81
0
0
0
0
16 1
0
0
0
]
[G
1
65
66
7
81
0
0
0
0
16 1
0
0
0
]
[G
1
65
66
8
81
0
0
0
0
16 1
0
0
0
]
[G
1
65
66
9
81
0
0
0
0
16 1
0
0
0
]
[G
1
65
66
10
81
0
0
0
0
16 1
0
0
0
]
[G
1
65
66
11
81
0
0
0
0
16 1
0
0
0
]
[G
1
36
3
1
40
0
0
0
0
20 0
113
117
97
114
116
117
115
95
99
114
101
97
116
101
100
95
117
110
118
109
1
1
1 20 1 1
]
[G
1
65
66
1
87
0
0
0
0
16 1
0
0
0
]
[G
1
65
66
2
87
0
0
0
0
16 1
0
0
0
]
[G
1
65
66
3
87
0
0
0
0
16 1
0
0
0
]
[G
1
65
66
4
87
0
0
0
0
16 1
0
0
0
]
[G
1
65
66
4
88
0
0
0
0
16 1
0
0
0
]
[G
1
65
66
6
87
0
0
0
0
16 1
0
0
0
]
[G
1
65
66
5
89
0
0
0
0
16 1
0
0
0
]
[G
1
65
66
8
87
0
0
0
0
16 1
0
0
0
]
[G
1
65
66
10
86
0
0
0
0
16 1
0
0
0
]
[G
1
65
66
11
86
0
0
0
0
16 1
0
0
0
]
[G
1
65
66
11
87
0
0
0
0
16 1
0
0
0
]
[G
1
65
66
11
88
0
0
0
0
16 1
0
0
0
]
[G
1
65
66
11
89
0
0
0
0
16 1
0
0
0
]
[G
1
65
66
1
88
0
0
0
0
16 1
0
0
0
]
[G
1
65
66
2
88
0
0
0
0
16 1
0
0
0
]
[G
1
65
66
3
88
0
0
0
0
16 1
0
0
0
]
[G
1
65
66
6
86
0
0
0
0
16 1
0
0
0
]
[G
1
65
66
5
88
0
0
0
0
16 1
0
0
0
]
[G
1
65
66
8
86
0
0
0
0
16 1
0
0
0
]
[G
1
65
66
7
88
0
0
0
0
16 1
0
0
0
]
[G
1
65
66
9
87
0
0
0
0
16 1
0
0
0
]
[G
1
65
66
10
87
0
0
0
0
16 1
0
0
0
]
[G
1
65
66
10
88
0
0
0
0
16 1
0
0
0
]
[G
1
65
66
10
89
0
0
0
0
16 1
0
0
0
]
[G
1
138
139
1
144
0
0
0
0
32 1
0
0
0
]
[G
1
65
66
1
89
0
0
0
0
16 1
0
0
0
]
[G
1
65
66
2
89
0
0
0
0
16 1
0
0
0
]
[G
1
65
66
3
89
0
0
0
0
16 1
0
0
0
]
[G
99
100
101
1
115
0
0
0
0
16 1
0
0
0
]
[G
1
65
66
7
87
0
0
0
0
16 1
0
0
0
]
[G
1
65
66
6
89
0
0
0
0
16 1
0
0
0
]
[G
1
65
66
8
88
0
0
0
0
16 1
0
0
0
]
[G
1
65
66
9
88
0
0
0
0
16 1
0
0
0
]
[G
1
65
66
9
89
0
0
0
0
16 1
0
0
0
]
[G
1
65
66
1
81
0
0
0
0
16 1
0
0
0
]
[G
1
65
66
4
89
0
0
0
0
16 1
0
0
0
]
[G
1
65
66
6
88
0
0
0
0
16 1
0
0
0
]
[G
99
100
101
1
74
0
0
1
0
0 0
0
0
]
[G
1
65
66
7
89
0
0
0
0
16 1
0
0
0
]
[G
1
65
66
8
89
0
0
0
0
16 1
0
0
0
]
[G
99
100
101
1
119
0
0
0
0
16 1
0
0
0
]
[G
99
100
101
1
121
0
0
0
0
16 1
0
0
0
]
[G
1
65
66
1
76
0
0
0
0
16 1
0
0
0
]
[G
1
65
66
2
76
0
0
0
0
16 1
0
0
0
]
[G
1
65
66
3
76
0
0
0
0
16 1
0
0
0
]
[G
99
100
101
1
125
0
0
0
0
16 1
0
0
0
]
[G
1
65
66
5
76
0
0
0
0
16 1
0
0
0
]
[G
1
65
66
6
76
0
0
0
0
16 1
0
0
0
]
[G
1
65
66
7
76
0
0
0
0
16 1
0
0
0
]
[G
1
65
66
8
76
0
0
0
0
16 1
0
0
0
]
[G
1
65
66
9
76
0
0
0
0
16 1
0
0
0
]
[G
1
65
66
10
76
0
0
0
0
16 1
0
0
0
]
[G
1
65
66
3
72
0
0
0
0
0 0
0
0
]
[G
1
65
66
4
72
0
0
0
0
0 0
0
0
]
[G
1
65
66
5
72
0
0
0
0
0 0
0
0
]
[G
1
65
66
6
72
0
0
0
0
0 0
0
0
]
[G
1
65
66
7
72
0
0
0
0
0 0
0
0
]
[G
1
65
66
8
72
0
0
0
0
0 0
0
0
]
[G
1
65
66
9
72
0
0
0
0
0 0
0
0
]
[G
1
65
66
10
72
0
0
0
0
0 0
0
0
]
[G
1
65
66
11
72
0
0
0
0
0 0
0
0
]
[G
1
91
3
1
93
0
0
0
0
1 1
122
1
1
1 1 1 1
]
[G
1
65
66
4
76
0
0
0
0
16 1
0
0
0
]
[G
1
65
66
2
81
0
0
0
0
16 1
0
0
0
]
[G
1
65
66
4
81
0
0
0
0
16 1
0
0
0
]
[G
1
138
139
1
72
0
0
0
0
0 0
0
0
]
[G
1
65
66
2
72
0
0
0
0
0 0
0
0
]
[G
1
65
66
11
76
0
0
0
0
16 1
0
0
0
]
[G
1
65
66
1
82
0
0
0
0
16 1
0
0
0
]
[G
1
65
66
2
82
0
0
0
0
16 1
0
0
0
]
[G
1
65
66
3
82
0
0
0
0
16 1
0
0
0
]
[G
1
65
66
4
82
0
0
0
0
16 1
0
0
0
]
[G
1
65
66
5
82
0
0
0
0
16 1
0
0
0
]
[G
1
65
66
6
82
0
0
0
0
16 1
0
0
0
]
[G
1
65
66
7
82
0
0
0
0
16 1
0
0
0
]
[G
1
65
66
8
82
0
0
0
0
16 1
0
0
0
]
[G
1
65
66
9
82
0
0
0
0
16 1
0
0
0
]
[G
1
65
66
10
82
0
0
0
0
16 1
0
0
0
]
[G
1
65
66
11
82
0
0
0
0
16 1
0
0
0
]
[G
1
65
66
1
72
0
0
0
0
0 0
0
0
]
[G
1
36
3
1
50
0
0
-1
0
0 0
0
0
]
[G
1
36
3
1
42
0
0
0
0
5 0
102
97
108
115
101
1
1
1 5 1 1
]
[G
1
2
3
1
13
0
0
0
0
0 0
0
0
]
[G
1
2
3
2
13
0
0
0
0
0 0
0
0
]
[G
1
2
3
1
9
0
0
1
0
0 0
0
0
]
[G
1
2
3
2
9
0
0
1
0
0 0
0
0
]
[G
1
36
3
1
41
0
0
0
0
5 0
102
97
108
115
101
1
1
1 5 1 1
]
[G
99
100
101
1
120
0
0
0
0
16 1
0
0
0
]
[G
1
138
139
1
143
0
0
0
0
64 1
0
0
0
]
[G
99
100
101
1
75
0
0
0
0
1 1
42
1
1
1 1 1 1
]
[G
1
65
66
1
78
0
0
0
0
16 1
0
0
0
]
[G
1
65
66
2
78
0
0
0
0
16 1
0
0
0
]
[G
1
65
66
3
78
0
0
0
0
16 1
0
0
0
]
[G
1
65
66
4
78
0
0
0
0
16 1
0
0
0
]
[G
1
65
66
5
78
0
0
0
0
16 1
0
0
0
]
[G
1
65
66
6
78
0
0
0
0
16 1
0
0
0
]
[G
1
65
66
7
78
0
0
0
0
16 1
0
0
0
]
[G
1
65
66
8
78
0
0
0
0
16 1
0
0
0
]
[G
1
65
66
9
78
0
0
0
0
16 1
0
0
0
]
[G
1
65
66
10
78
0
0
0
0
16 1
0
0
0
]
[G
1
65
66
11
78
0
0
0
0
16 1
0
0
0
]
[G
99
100
101
1
70
0
0
0
0
6 0
68
70
70
69
65
83
1
1
1 6 1 1
]
[G
1
2
3
1
17
0
0
0
0
15 0
115
105
109
102
105
108
101
110
97
109
101
95
99
104
48
1
1
1 15 1 1
]
[G
1
2
3
2
17
0
0
0
0
15 0
115
105
109
102
105
108
101
110
97
109
101
95
99
104
48
1
1
1 15 1 1
]
[G
1
2
3
2
18
0
0
0
0
15 0
115
105
109
102
105
108
101
110
97
109
101
95
99
104
49
1
1
1 15 1 1
]
[G
1
2
3
2
19
0
0
0
0
15 0
115
105
109
102
105
108
101
110
97
109
101
95
99
104
50
1
1
1 15 1 1
]
[G
1
2
3
2
20
0
0
0
0
15 0
115
105
109
102
105
108
101
110
97
109
101
95
99
104
51
1
1
1 15 1 1
]
[G
1
2
3
2
21
0
0
0
0
15 0
115
105
109
102
105
108
101
110
97
109
101
95
99
104
52
1
1
1 15 1 1
]
[G
1
2
3
2
22
0
0
0
0
15 0
115
105
109
102
105
108
101
110
97
109
101
95
99
104
53
1
1
1 15 1 1
]
[G
1
2
3
2
23
0
0
0
0
15 0
115
105
109
102
105
108
101
110
97
109
101
95
99
104
54
1
1
1 15 1 1
]
[G
1
2
3
2
24
0
0
0
0
15 0
115
105
109
102
105
108
101
110
97
109
101
95
99
104
55
1
1
1 15 1 1
]
[G
1
2
3
2
25
0
0
0
0
15 0
115
105
109
102
105
108
101
110
97
109
101
95
99
104
56
1
1
1 15 1 1
]
[G
1
2
3
2
26
0
0
0
0
15 0
115
105
109
102
105
108
101
110
97
109
101
95
99
104
57
1
1
1 15 1 1
]
[G
1
2
3
1
18
0
0
0
0
15 0
115
105
109
102
105
108
101
110
97
109
101
95
99
104
49
1
1
1 15 1 1
]
[G
1
2
3
1
19
0
0
0
0
15 0
115
105
109
102
105
108
101
110
97
109
101
95
99
104
50
1
1
1 15 1 1
]
[G
1
2
3
1
20
0
0
0
0
15 0
115
105
109
102
105
108
101
110
97
109
101
95
99
104
51
1
1
1 15 1 1
]
[G
1
2
3
1
21
0
0
0
0
15 0
115
105
109
102
105
108
101
110
97
109
101
95
99
104
52
1
1
1 15 1 1
]
[G
1
2
3
1
22
0
0
0
0
15 0
115
105
109
102
105
108
101
110
97
109
101
95
99
104
53
1
1
1 15 1 1
]
[G
1
2
3
1
23
0
0
0
0
15 0
115
105
109
102
105
108
101
110
97
109
101
95
99
104
54
1
1
1 15 1 1
]
[G
1
2
3
1
24
0
0
0
0
15 0
115
105
109
102
105
108
101
110
97
109
101
95
99
104
55
1
1
1 15 1 1
]
[G
1
2
3
1
25
0
0
0
0
15 0
115
105
109
102
105
108
101
110
97
109
101
95
99
104
56
1
1
1 15 1 1
]
[G
1
2
3
1
26
0
0
0
0
15 0
115
105
109
102
105
108
101
110
97
109
101
95
99
104
57
1
1
1 15 1 1
]
[G
99
100
101
1
105
0
0
0
0
8 1
0
0
0
]
[G
99
100
101
1
103
0
0
0
0
4 0
116
114
117
101
1
1
1 4 1 1
]
[G
1
91
3
1
95
0
0
0
0
5 0
102
97
108
115
101
1
1
1 5 1 1
]
[G
1
36
3
1
45
0
0
-1
0
0 0
0
0
]
[G
99
100
101
1
126
0
0
0
0
16 1
0
0
0
]
[G
99
100
101
1
127
0
0
0
0
16 1
0
0
0
]
[G
99
100
101
1
111
0
0
0
0
8 1
0
0
0
]
[G
99
100
101
1
108
0
0
0
0
8 1
0
0
0
]
[G
1
2
3
1
8
0
0
0
0
0 0
0
0
]
[G
1
65
66
3
69
0
0
0
0
3 0
111
102
102
1
1
1 3 1 1
]
[G
1
65
66
4
69
0
0
0
0
3 0
111
102
102
1
1
1 3 1 1
]
[G
1
65
66
5
69
0
0
0
0
3 0
111
102
102
1
1
1 3 1 1
]
[G
1
65
66
6
69
0
0
0
0
3 0
111
102
102
1
1
1 3 1 1
]
[G
1
65
66
7
69
0
0
0
0
3 0
111
102
102
1
1
1 3 1 1
]
[G
1
65
66
8
69
0
0
0
0
3 0
111
102
102
1
1
1 3 1 1
]
[G
1
65
66
9
69
0
0
0
0
3 0
111
102
102
1
1
1 3 1 1
]
[G
1
65
66
10
69
0
0
0
0
3 0
111
102
102
1
1
1 3 1 1
]
[G
1
65
66
11
69
0
0
0
0
3 0
111
102
102
1
1
1 3 1 1
]
[G
1
65
66
1
69
0
0
0
0
3 0
111
102
102
1
1
1 3 1 1
]
[G
1
65
66
2
69
0
0
0
0
3 0
111
102
102
1
1
1 3 1 1
]
[G
1
2
3
2
8
0
0
0
0
0 0
0
0
]
[G
1
138
139
1
142
0
0
0
0
64 1
0
0
0
]
[G
1
2
3
1
5
0
0
1
0
0 0
0
0
]
[G
1
2
3
2
5
0
0
1
0
0 0
0
0
]
[G
1
91
3
1
92
0
0
0
0
5 0
102
97
108
115
101
1
1
1 5 1 1
]
[G
99
100
101
1
72
0
0
0
0
0 0
0
0
]
[G
99
100
101
1
116
0
0
0
0
16 1
0
0
0
]
[G
1
36
3
1
14
0
0
0
0
4 0
116
114
117
101
1
1
1 4 1 1
]
[G
1
36
3
1
53
0
0
-1
0
0 0
0
0
]
[G
99
100
101
1
110
0
0
0
0
8 1
0
0
0
]
[G
1
135
136
1
74
0
0
1
0
0 0
0
0
]
[G
1
36
3
1
37
0
0
0
0
2 0
48
50
1
1
1 2 1 1
]
[G
1
2
3
1
16
0
0
65536
0
0 0
0
0
]
[G
1
2
3
2
16
0
0
65536
0
0 0
0
0
]
[G
1
135
136
1
115
0
0
0
0
16 1
0
0
0
]
[G
1
65
66
1
71
0
0
0
0
0 0
0
0
]
[G
1
65
66
2
71
0
0
0
0
0 0
0
0
]
[G
1
65
66
3
73
0
0
1
0
0 0
0
0
]
[G
1
65
66
4
73
0
0
1
0
0 0
0
0
]
[G
1
65
66
5
73
0
0
1
0
0 0
0
0
]
[G
1
65
66
6
73
0
0
1
0
0 0
0
0
]
[G
1
65
66
7
73
0
0
1
0
0 0
0
0
]
[G
1
65
66
8
73
0
0
1
0
0 0
0
0
]
[G
1
65
66
9
73
0
0
1
0
0 0
0
0
]
[G
1
65
66
10
73
0
0
1
0
0 0
0
0
]
[G
1
65
66
11
73
0
0
1
0
0 0
0
0
]
[G
1
138
139
1
71
0
0
0
0
0 0
0
0
]
[G
1
65
66
2
73
0
0
1
0
0 0
0
0
]
[G
1
65
66
3
71
0
0
0
0
0 0
0
0
]
[G
1
65
66
4
71
0
0
0
0
0 0
0
0
]
[G
1
65
66
5
71
0
0
0
0
0 0
0
0
]
[G
1
65
66
6
71
0
0
0
0
0 0
0
0
]
[G
1
65
66
7
71
0
0
0
0
0 0
0
0
]
[G
1
65
66
8
71
0
0
0
0
0 0
0
0
]
[G
1
65
66
9
71
0
0
0
0
0 0
0
0
]
[G
1
65
66
10
71
0
0
0
0
0 0
0
0
]
[G
1
65
66
11
71
0
0
0
0
0 0
0
0
]
[G
1
65
66
4
83
0
0
0
0
16 1
0
0
0
]
[G
1
65
66
5
83
0
0
0
0
16 1
0
0
0
]
[G
1
65
66
6
83
0
0
0
0
16 1
0
0
0
]
[G
1
65
66
7
83
0
0
0
0
16 1
0
0
0
]
[G
1
65
66
8
83
0
0
0
0
16 1
0
0
0
]
[G
1
65
66
9
83
0
0
0
0
16 1
0
0
0
]
[G
1
65
66
10
83
0
0
0
0
16 1
0
0
0
]
[G
1
65
66
11
83
0
0
0
0
16 1
0
0
0
]
[G
1
135
136
1
121
0
0
0
0
16 1
0
0
0
]
[G
1
65
66
1
83
0
0
0
0
16 1
0
0
0
]
[G
1
65
66
2
83
0
0
0
0
16 1
0
0
0
]
[G
1
65
66
3
83
0
0
0
0
16 1
0
0
0
]
[G
1
138
139
1
73
0
0
1
0
0 0
0
0
]
[G
1
65
66
1
73
0
0
1
0
0 0
0
0
]
[G
1
36
3
1
51
0
0
-1
0
0 0
0
0
]
[G
99
100
101
1
102
0
0
0
0
3 0
108
111
119
1
1
1 3 1 1
]
[G
1
36
3
1
52
0
0
-1
0
0 0
0
0
]
[G
1
36
3
1
43
0
0
0
0
5 0
102
97
108
115
101
1
1
1 5 1 1
]
[G
1
65
66
1
84
0
0
0
0
16 1
0
0
0
]
[G
1
65
66
2
84
0
0
0
0
16 1
0
0
0
]
[G
1
65
66
3
84
0
0
0
0
16 1
0
0
0
]
[G
1
65
66
4
84
0
0
0
0
16 1
0
0
0
]
[G
1
65
66
5
84
0
0
0
0
16 1
0
0
0
]
[G
1
65
66
6
84
0
0
0
0
16 1
0
0
0
]
[G
1
65
66
7
84
0
0
0
0
16 1
0
0
0
]
[G
1
65
66
8
84
0
0
0
0
16 1
0
0
0
]
[G
1
65
66
9
84
0
0
0
0
16 1
0
0
0
]
[G
1
65
66
10
84
0
0
0
0
16 1
0
0
0
]
[G
1
65
66
11
84
0
0
0
0
16 1
0
0
0
]
[G
1
65
66
1
85
0
0
0
0
16 1
0
0
0
]
[G
1
65
66
2
85
0
0
0
0
16 1
0
0
0
]
[G
1
65
66
3
85
0
0
0
0
16 1
0
0
0
]
[G
1
65
66
4
85
0
0
0
0
16 1
0
0
0
]
[G
1
65
66
5
85
0
0
0
0
16 1
0
0
0
]
[G
1
65
66
6
85
0
0
0
0
16 1
0
0
0
]
[G
1
65
66
7
85
0
0
0
0
16 1
0
0
0
]
[G
1
65
66
8
85
0
0
0
0
16 1
0
0
0
]
[G
1
65
66
9
85
0
0
0
0
16 1
0
0
0
]
[G
1
65
66
10
85
0
0
0
0
16 1
0
0
0
]
[G
1
65
66
11
85
0
0
0
0
16 1
0
0
0
]
[G
1
36
3
1
49
0
0
-1
0
0 0
0
0
]
[G
1
135
136
1
120
0
0
0
0
16 1
0
0
0
]
[G
1
135
136
1
75
0
0
0
0
1 1
42
1
1
1 1 1 1
]
[G
1
146
3
1
92
0
0
0
0
5 0
102
97
108
115
101
1
1
1 5 1 1
]
[G
99
100
101
1
69
0
0
0
0
5 0
102
97
108
115
101
1
1
1 5 1 1
]
[G
1
65
66
1
67
0
0
0
0
16 1
2
0
0
]
[G
1
65
66
2
67
0
0
0
0
16 8
2
2
3
3
3
3
2
2
0
0
]
[G
1
65
66
3
67
0
0
0
0
16 0
2
2
3
3
3
3
2
2
3
3
3
3
2
2
2
2
0
0
]
[G
1
65
66
4
67
0
0
0
0
16 0
2
3
3
3
3
2
2
2
3
3
3
3
2
2
2
2
0
0
]
[G
1
65
66
5
67
0
0
0
0
16 0
2
2
2
2
3
3
3
3
3
3
3
3
3
3
3
3
0
0
]
[G
1
65
66
6
67
0
0
0
0
16 0
3
3
3
3
2
2
2
2
2
3
3
3
3
2
2
2
0
0
]
[G
1
65
66
7
67
0
0
0
0
16 0
3
3
3
3
3
3
3
3
3
2
3
2
3
2
3
2
0
0
]
[G
1
65
66
8
67
0
0
0
0
16 0
2
2
2
2
2
2
2
2
3
2
3
2
3
2
3
2
0
0
]
[G
1
65
66
9
67
0
0
0
0
16 0
2
2
2
2
3
3
3
3
2
2
2
2
2
2
2
2
0
0
]
[G
1
65
66
10
67
0
0
0
0
16 0
3
3
3
3
3
3
2
2
2
2
3
2
2
2
3
2
0
0
]
[G
1
65
66
11
67
0
0
0
0
16 0
3
3
3
2
3
3
2
2
2
2
3
2
3
3
2
2
0
0
]
[G
99
100
101
1
109
0
0
0
0
8 1
0
0
0
]
[G
99
100
101
1
114
0
0
0
0
8 1
0
0
0
]
[G
1
135
136
1
105
0
0
0
0
8 1
0
0
0
]
[G
99
100
101
1
118
0
0
0
0
16 1
0
0
0
]
[G
1
91
3
1
94
0
0
0
0
5 0
102
97
108
115
101
1
1
1 5 1 1
]
[G
1
2
3
1
6
0
0
0
0
0 0
0
0
]
[G
1
2
3
2
6
0
0
0
0
0 0
0
0
]
[G
99
100
101
1
71
0
0
0
0
0 0
0
0
]
[G
99
100
101
1
73
0
0
1
0
0 0
0
0
]
[G
1
135
136
1
72
0
0
0
0
0 0
0
0
]
[G
1
36
3
1
48
0
0
-1
0
0 0
0
0
]
[G
1
65
66
1
77
0
0
0
0
16 1
0
0
0
]
[G
1
65
66
2
77
0
0
0
0
16 1
0
0
0
]
[G
1
65
66
3
77
0
0
0
0
16 1
0
0
0
]
[G
1
65
66
4
77
0
0
0
0
16 1
0
0
0
]
[G
1
65
66
5
77
0
0
0
0
16 1
0
0
0
]
[G
1
65
66
6
77
0
0
0
0
16 1
0
0
0
]
[G
1
65
66
7
77
0
0
0
0
16 1
0
0
0
]
[G
1
65
66
8
77
0
0
0
0
16 1
0
0
0
]
[G
1
65
66
9
77
0
0
0
0
16 1
0
0
0
]
[G
1
65
66
10
77
0
0
0
0
16 1
0
0
0
]
[G
1
65
66
11
77
0
0
0
0
16 1
0
0
0
]
[P
1
36
3
61
57
1
0
0
]
[P
1
36
3
54
55
1
0
0
]
[P
99
100
101
134
133
1
0
0
]
[P
1
36
3
60
55
1
0
0
]
[P
1
36
3
59
55
1
0
0
]
[P
1
36
3
56
57
1
0
0
]
[P
1
65
66
96
97
1
0
0
]
[P
1
65
66
98
97
1
0
0
]
[P
1
65
66
145
97
1
0
0
]
[P
1
65
66
145
97
2
0
0
]
[P
1
65
66
96
97
5
0
0
]
[P
1
65
66
98
96
7
0
0
]
[P
1
65
66
96
97
9
0
0
]
[P
1
65
66
98
96
8
0
0
]
[P
1
36
3
64
63
1
0
0
]
[P
99
100
101
132
133
1
0
0
]
[P
1
36
3
58
57
1
0
0
]
[P
99
100
101
129
130
1
0
0
]
[P
1
2
3
34
35
1
0
0
]
[P
1
2
3
34
35
2
0
0
]
[P
1
36
3
62
63
1
0
0
]
[P
1
135
136
137
130
1
0
0
]
[P
99
100
101
131
130
1
0
0
]
